10001,0.004020318
10002,0.009205334
10003,0.007075133
10004,0.002389207
10005,0.0072026625
10006,0.006257665
10007,0.0028458133
10008,0.0045575052
10009,0.0016650703
10010,0.0046309927
10011,0.0043572313
10012,0.0052745184
10013,0.0049984567
10014,0.0026078138
10015,0.0061681494
10016,0.00702118
10017,0.005574703
10018,0.004925317
10019,0.0036806797
10020,0.0020816734
10021,0.0023608431
10022,0.0025331068
10023,0.0024787483
10024,0.0021336894
10025,0.0030945544
10026,0.0042722328
10027,0.0032512867
10028,0.0019631165
10029,0.0070500327
10030,0.0032627943
10031,0.004274377
10032,0.004106484
10033,0.0026502176
10034,0.00044002078
10035,0.0030291777
10036,0.0016046433
10037,0.0013199168
10038,0.00363995
10039,0.0042164284
10040,0.0031364246
10041,0.0021678403
10042,0.004551619
10043,0.008814921
10044,0.0012604895
10045,0.001219082
10046,0.0032677508
10047,0.0010431013
10048,0.0031108195
10049,0.0032841936
10050,0.0027886017
10051,0.0024653783
10052,0.0026589995
10053,0.0029994778
10054,0.0026970045
10055,0.0009863644
10056,0.0019209288
10057,0.0015119996
10058,0.006566664
10059,0.0044662696
10060,0.0021958132
10061,0.0018363835
10062,0.012764188
10063,0.0021468846
10064,0.003444816
10065,0.0037546388
10066,0.002296636
10067,0.014208032
10068,0.0015786344
10069,0.0011891365
10070,0.006317581
10071,0.0050162985
10072,0.005395301
10073,0.0057154633
10074,0.0046324665
10075,0.0051760925
10076,0.0037646482
10077,0.0029840097
10078,0.0077570104
10079,0.0025252148
10080,0.0054348945
10081,0.0034834102
10082,0.0025891582
10083,0.0011821274
10084,0.0018777857
10085,0.0033844095
10086,0.0033838581
10087,0.004643354
10088,0.0069762147
10089,0.0011129441
10090,0.0014927668
10091,0.0023783972
10092,0.0011544636
10093,0.002667797
10094,0.0024329606
10095,0.0014450881
10096,0.022030609
10097,0.0009618111
10098,0.0014540046
10099,0.0022435861
10100,0.0032331028
10101,0.0020097296
10102,0.0030167224
10103,0.001904065
10104,0.0033095297
10105,0.0028795123
10106,0.003416288
10107,0.004249723
10108,0.02008201
10109,0.002496214
10110,0.0011721755
10111,0.0022129996
10112,0.0038337305
10113,0.0007152144
10114,0.0058526206
10115,0.0031257183
10116,0.0030340871
10117,0.0030892577
10118,0.0037397107
10119,0.00807311
10120,0.006423372
10121,0.0012323414
10122,0.0017883894
10123,0.0018455753
10124,0.0025107644
10125,0.0025338784
10126,0.002898636
10127,0.0015736226
10128,0.0022281546
10129,0.0014071144
10130,0.0049141045
10131,0.0035676747
10132,0.005619461
10133,0.0021630216
10134,0.010233772
10135,0.009735527
10136,0.004403024
10137,0.0017259225
10138,0.00084751024
10139,0.0037747116
10140,0.0018340582
10141,0.011305953
10142,0.009109896
10143,0.0018041657
10144,0.020220472
10145,0.0017552574
10146,0.003601518
10147,0.0033904498
10148,0.0062578395
10149,0.003192872
10150,0.0034511078
10151,0.0022994133
10152,0.0035952337
10153,0.0030251497
10154,0.0021456792
10155,0.0054511894
10156,0.003333569
10157,0.0045649162
10158,0.0023717785
10159,0.0030151033
10160,0.0019290699
10161,0.0042863283
10162,0.0030914266
10163,0.008800274
10164,0.009005838
10165,0.0029143926
10166,0.003402217
10167,0.0027956427
10168,0.0011181643
10169,0.001256783
10170,0.0024359012
10171,0.005054168
10172,0.002978725
10173,0.0035774196
10174,0.003351734
10175,0.0017265001
10176,0.0012697339
10177,0.0034970895
10178,0.002201672
10179,0.0025932414
10180,0.0029239305
10181,0.0015802915
10182,0.0007418572
10183,0.0051757176
10184,0.0037224186
10185,0.004562917
10186,0.0022038647
10187,0.0036636093
10188,0.0015325213
10189,0.0016529615
10190,0.0072941356
10191,0.0017845808
10192,0.002803678
10193,0.0007948398
10194,0.002817677
10195,0.0020342835
10196,0.0031945577
10197,0.0012921855
10198,0.0024710079
10199,0.0036745144
10200,0.0038062048
10201,0.002484011
10202,0.002644448
10203,0.0036125118
10204,0.0041304375
10205,0.00844346
10206,0.0014597205
10207,0.005182988
10208,0.0067641586
10209,0.0013080351
10210,0.0039389674
10211,0.0072553884
10212,0.0020423166
10213,0.004299578
10214,0.0026687789
10215,0.0011780186
10216,0.0008727504
10217,0.00892886
10218,0.0051948945
10219,0.006092347
10220,0.003295414
10221,0.0043477234
10222,0.0020386507
10223,0.001622113
10224,0.0036811838
10225,0.0049782395
10226,0.0027771262
10227,0.004817476
10228,0.0005608
10229,0.0027484957
10230,0.0016193623
10231,0.0011489161
10232,0.0031215982
10233,0.009147763
10234,0.0041969824
10235,0.0014172565
10236,0.0015148943
10237,0.0042234603
10238,0.0034153927
10239,0.010205822
10240,0.0047852583
10241,0.0034563933
10242,0.0020106076
10243,0.015893491
10244,0.014222628
10245,0.003962996
10246,0.0020840014
10247,0.0007676078
10248,0.0051077167
10249,0.0020084742
10250,0.010172226
10251,0.0030190595
10252,0.0028821432
10253,0.0036261703
10254,0.0021166618
10255,0.0048629125
10256,0.005258684
10257,0.0023776432
10258,0.004302613
10259,0.0049382015
10260,0.003735314
10261,0.0014023022
10262,0.0034215285
10263,0.001394038
10264,0.003396882
10265,0.0035278646
10266,0.0015405801
10267,0.0025119553
10268,0.0043907952
10269,0.0037015935
10270,0.0032631713
10271,0.0014755276
10272,0.003925552
10273,0.0028276816
10274,0.0027613647
10275,0.0011286247
10276,0.0014828794
10277,0.0034251213
10278,0.0018697343
10279,0.0015185287
10280,0.0016462409
10281,0.001996721
10282,0.0019235187
10283,0.0042447452
10284,0.0035412407
10285,0.0013152807
10286,0.0009835304
10287,0.0016566856
10288,0.0022871203
10289,0.002858734
10290,0.0044295294
10291,0.0063288147
10292,0.0010759997
10293,0.0015252967
10294,0.0019198318
10295,0.0020312532
10296,0.0013332746
10297,0.0034333211
10298,0.0024971762
10299,0.002668599
10300,0.002485241
10301,0.0013270796
10302,0.001472138
10303,0.0012032661
10304,0.004154815
10305,0.0013976678
10306,0.0006971006
10307,0.0030520677
10308,0.0017176904
10309,0.004555891
10310,0.002908569
10311,0.004327732
10312,0.0026831497
10313,0.002931977
10314,0.0015638364
10315,0.0012173649
10316,0.0016572032
10317,0.001160143
10318,0.0024612662
10319,0.004191279
10320,0.0005565995
10321,0.00238053
10322,0.0013667685
10323,0.00881628
10324,0.0013658942
10325,0.002811843
10326,0.003267695
10327,0.0014293882
10328,0.0020999205
10329,0.0047797714
10330,0.0057718745
10331,0.0017943078
10332,0.0013207011
10333,0.0023745429
10334,0.0006348517
10335,0.004185552
10336,0.0024199262
10337,0.0034410874
10338,0.0030425638
10339,0.00092766376
10340,0.001739973
10341,0.0019757554
10342,0.0027110921
10343,0.0018664754
10344,0.0047631124
10345,0.0048847403
10346,0.0008656111
10347,0.0014643351
10348,0.0022970722
10349,0.00222562
10350,0.0018415338
10351,0.006025214
10352,0.00408031
10353,0.0069707106
10354,0.00049838197
10355,0.0014185995
10356,0.00069711474
10357,0.0016048481
10358,0.00076125195
10359,0.0014491249
10360,0.0012538531
10361,0.0007299539
10362,0.00062614516
10363,0.0023431855
10364,0.0023844154
10365,0.0015532265
10366,0.0017577668
10367,0.0011854791
10368,0.0035461236
10369,0.0012245093
10370,0.0036057238
10371,0.0050527607
10372,0.0020225153
10373,0.0016314031
10374,0.0039064116
10375,0.00076761784
10376,0.0016639938
10377,0.0015072857
10378,0.0014141211
10379,0.0014887276
10380,0.0012937842
10381,0.0015383827
10382,0.0053289603
10383,0.00030024053
10384,0.0027326494
10385,0.0014619527
10386,0.0013639458
10387,0.0013064191
10388,0.0017556194
10389,0.0045807865
10390,0.0008804993
10391,0.0020301368
10392,0.009344928
10393,0.0020559356
10394,0.0042037875
10395,0.0011839862
10396,0.003239205
10397,0.00084832637
10398,0.0015795438
10399,0.0018512112
10400,0.0013915997
10401,0.0015441386
10402,0.0031264494
10403,0.00074079394
10404,0.0067631383
10405,0.0019174352
10406,0.0016356357
10407,0.00094480853
10408,0.0028548709
10409,0.004220169
10410,0.001174928
10411,0.00061778177
10412,0.01898465
10413,0.012191906
10414,0.004408582
10415,0.0007488503
10416,0.0027201844
10417,0.0040016496
10418,0.0022506102
10419,0.0018808444
10420,0.0036227435
10421,0.0056807706
10422,0.0023068697
10423,0.004015509
10424,0.0011755659
10425,0.00080388837
10426,0.004468326
10427,0.0028770447
10428,0.004895155
10429,0.0023317498
10430,0.001583932
10431,0.0017452663
10432,0.003397789
10433,0.0032619494
10434,0.0012618962
10435,0.0035863782
10436,0.0006279807
10437,0.0033218742
10438,0.0014082589
10439,0.0011928137
10440,0.001440727
10441,0.001296295
10442,0.0025913646
10443,0.0022666978
10444,0.0005108321
10445,0.005917543
10446,0.0026142916
10447,0.0020538643
10448,0.0016721474
10449,0.004445459
10450,0.0033301492
10451,0.0033571047
10452,0.00910159
10453,0.0029020368
10454,0.0010401104
10455,0.002212614
10456,0.008342895
10457,0.0014118714
10458,0.0015657621
10459,0.0013124613
10460,0.0010114308
10461,0.0019884605
10462,0.0014126459
10463,0.0013661165
10464,0.004043786
10465,0.0011739383
10466,0.0030534256
10467,0.0015065381
10468,0.0038155
10469,0.0011038049
10470,0.0018452256
10471,0.004006889
10472,0.0018809503
10473,0.00055298617
10474,0.0026988343
10475,0.0017583196
10476,0.0016017463
10477,0.0014199337
10478,0.0011786066
10479,0.0015751505
10480,0.0020461767
10481,0.0028191665
10482,0.0023764416
10483,0.002121027
10484,0.00058060174
10485,0.0040134834
10486,0.0015909608
10487,0.0013796507
10488,0.0021362107
10489,0.0017682071
10490,0.0030264608
10491,0.0034693342
10492,0.0070313057
10493,0.0027218675
10494,0.0015850507
10495,0.0017860096
10496,0.0018931217
10497,0.0024892811
10498,0.0009980097
10499,0.0022990212
10500,0.00066715595
10501,0.002595626
10502,0.0013568779
10503,0.0044329753
10504,0.0025868984
10505,0.0020306155
10506,0.0033070622
10507,0.0014708701
10508,0.0016430186
10509,0.0008268216
10510,0.002217988
10511,0.0025545068
10512,0.0007045551
10513,0.0030085912
10514,0.0018459833
10515,0.005493695
10516,0.0036955343
10517,0.0017810646
10518,0.0023168437
10519,0.0053160056
10520,0.0023250298
10521,0.003961596
10522,0.0015564341
10523,0.003437642
10524,0.0028634875
10525,0.0008428358
10526,0.0024460556
10527,0.0009309289
10528,0.0012745089
10529,0.002556235
10530,0.0022408976
10531,0.0007309667
10532,0.0022808188
10533,0.00084818
10534,0.015167486
10535,0.0016711964
10536,0.0013680896
10537,0.0019998054
10538,0.001076654
10539,0.0018362219
10540,0.0024396514
10541,0.0024088123
10542,0.0023804281
10543,0.0028218224
10544,0.0019450495
10545,0.0027928334
10546,0.0024173644
10547,0.0043204203
10548,0.0022408324
10549,0.0047955
10550,0.0013248612
10551,0.0017788308
10552,0.002457466
10553,0.00095464877
10554,0.0018550504
10555,0.0009146453
10556,0.001800215
10557,0.0034287944
10558,0.00069431326
10559,0.0051225713
10560,0.0044102697
10561,0.0014414707
10562,0.004049742
10563,0.001116696
10564,0.0018560103
10565,0.0016995741
10566,0.00055688305
10567,0.001835458
10568,0.002087671
10569,0.0041157478
10570,0.0014513147
10571,0.002755404
10572,0.0011355617
10573,0.002013056
10574,0.0007783262
10575,0.0014597521
10576,0.0025075262
10577,0.0016892998
10578,0.006890674
10579,0.0023061826
10580,0.0015000906
10581,0.0024491623
10582,0.0029584481
10583,0.0058101425
10584,0.0024588942
10585,0.00610859
10586,0.0005984496
10587,0.0006388004
10588,0.0015108526
10589,0.0010169225
10590,0.003999512
10591,0.010529978
10592,0.0023146973
10593,0.0012923166
10594,0.0011985771
10595,0.0006004362
10596,0.0030096709
10597,0.0026099621
10598,0.0011278682
10599,0.004074409
10600,0.0018382428
10601,0.001606139
10602,0.009434229
10603,0.0027754907
10604,0.0011947528
10605,0.0011795574
10606,0.0014052709
10607,0.002573172
10608,0.005980313
10609,0.003176954
10610,0.005143377
10611,0.0013090434
10612,0.0029390017
10613,0.0025855557
10614,0.007042478
10615,0.0016843863
10616,0.0072104707
10617,0.0034613735
10618,0.0028774193
10619,0.0017313136
10620,0.0020458794
10621,0.0021270986
10622,0.0035426423
10623,0.0011974236
10624,0.0036225312
10625,0.0009350211
10626,0.0011928483
10627,0.0005104797
10628,0.0034392998
10629,0.0008365879
10630,0.0016179518
10631,0.0010339648
10632,0.001627309
10633,0.0028315107
10634,0.0012293514
10635,0.0050532613
10636,0.0024222294
10637,0.0018160486
10638,0.00208873
10639,0.00079709775
10640,0.002601656
10641,0.0018786363
10642,0.0025644677
10643,0.008584881
10644,0.0029981777
10645,0.0050994824
10646,0.0008176716
10647,0.0014324831
10648,0.010931403
10649,0.0035173416
10650,0.0021742345
10651,0.0058857915
10652,0.00088439387
10653,0.0037396397
10654,0.0063712285
10655,0.0020286122
10656,0.0015828498
10657,0.00448879
10658,0.0015877275
10659,0.0016506922
10660,0.0019467345
10661,0.009883536
10662,0.0016366619
10663,0.0016554593
10664,0.0005502465
10665,0.0012996733
10666,0.0015698441
10667,0.001399712
10668,0.0025427209
10669,0.0008968125
10670,0.002857452
10671,0.0009043181
10672,0.0037968522
10673,0.002370026
10674,0.0011546075
10675,0.0023511383
10676,0.0015404929
10677,0.0035719164
10678,0.0028697124
10679,0.011125792
10680,0.0023478952
10681,0.0020754505
10682,0.006126396
10683,0.0011042596
10684,0.00087657565
10685,0.0023634876
10686,0.0035458945
10687,0.0019800577
10688,0.0005714733
10689,0.001029323
10690,0.0012116311
10691,0.0036395642
10692,0.0014000532
10693,0.0010902246
10694,0.0017812054
10695,0.0018832212
10696,0.0043869866
10697,0.00067968795
10698,0.0022177391
10699,0.0068938727
10700,0.0027475161
10701,0.0017924543
10702,0.0020421478
10703,0.0028081976
10704,0.0010397106
10705,0.0055178353
10706,0.0009996563
10707,0.0027423084
10708,0.0016312147
10709,0.0032652905
10710,0.0012462102
10711,0.0012261865
10712,0.0017897277
10713,0.0023703964
10714,0.0018101562
10715,0.0034037363
10716,0.0017652132
10717,0.0012622562
10718,0.003572664
10719,0.0035349387
10720,0.0038135909
10721,0.00069286436
10722,0.0012889043
10723,0.0031605172
10724,0.0031846934
10725,0.0050009624
10726,0.0017730163
10727,0.0029724273
10728,0.0017971827
10729,0.00106172
10730,0.001857956
10731,0.003220473
10732,0.0019417433
10733,0.0031385317
10734,0.0010470875
10735,0.0015266839
10736,0.0021907557
10737,0.0063159172
10738,0.0009601341
10739,0.0009508827
10740,0.0009905441
10741,0.0010480835
10742,0.0023091729
10743,0.0014900512
10744,0.0013914506
10745,0.0016972336
10746,0.0015122641
10747,0.0022648072
10748,0.0010121511
10749,0.002397424
10750,0.00069957983
10751,0.0030087268
10752,0.003699278
10753,0.0021554395
10754,0.0031489695
10755,0.0039132335
10756,0.00065227767
10757,0.0008817155
10758,0.0018018117
10759,0.0017624868
10760,0.0011929281
10761,0.0066157402
10762,0.0013473816
10763,0.0029812695
10764,0.0034064017
10765,0.0016044502
10766,0.0016255816
10767,0.0006571314
10768,0.00074041507
10769,0.0014319065
10770,0.0016268545
10771,0.0022363542
10772,0.0032162876
10773,0.0008589737
10774,0.00094505097
10775,0.0051116343
10776,0.00040572436
10777,0.0019168096
10778,0.0013187992
10779,0.0016092523
10780,0.0016206673
10781,0.001471319
10782,0.0028479907
10783,0.00085135805
10784,0.0016592258
10785,0.0034188891
10786,0.0036570332
10787,0.0005126149
10788,0.0037161866
10789,0.0011863639
10790,0.0019822202
10791,0.00044727814
10792,0.0006151794
10793,0.0011995378
10794,0.0019613688
10795,0.0019394044
10796,0.0023859954
10797,0.001520401
10798,0.0017671997
10799,0.0028470648
10800,0.0009030507
10801,0.004229798
10802,0.0038469448
10803,0.0013849788
10804,0.0011703596
10805,0.0015328643
10806,0.0011002116
10807,0.004335703
10808,0.0018184541
10809,0.0010242031
10810,0.00089008507
10811,0.0011627318
10812,0.0014594353
10813,0.0016065743
10814,0.0049618175
10815,0.0051803947
10816,0.0010323357
10817,0.0015564354
10818,0.0013585638
10819,0.0010133727
10820,0.0012645348
10821,0.0017090195
10822,0.0012367534
10823,0.0014076169
10824,0.0005364054
10825,0.001229809
10826,0.0029580533
10827,0.00471083
10828,0.0026367886
10829,0.0037187608
10830,0.0014505838
10831,0.0036570393
10832,0.0013643162
10833,0.0021879573
10834,0.001668172
10835,0.0014964424
10836,0.0011612017
10837,0.0018052763
10838,0.0014645921
10839,0.0006142982
10840,0.00086010055
10841,0.0010556849
10842,0.00113401
10843,0.001612772
10844,0.0025645234
10845,0.0018333104
10846,0.0022771778
10847,0.0012208567
10848,0.005830713
10849,0.001206211
10850,0.0011346492
10851,0.0013453667
10852,0.0006177318
10853,0.0014547415
10854,0.0038983177
10855,0.0018898012
10856,0.0012565039
10857,0.0009756268
10858,0.004581151
10859,0.0011413274
10860,0.00093477743
10861,0.0012083264
10862,0.0043863663
10863,0.00062279194
10864,0.0015925383
10865,0.0013004164
10866,0.0037275124
10867,0.001607046
10868,0.00097051635
10869,0.0016117784
10870,0.001957627
10871,0.0014277581
10872,0.008928006
10873,0.00094355416
10874,0.001066571
10875,0.0011599709
10876,0.00231989
10877,0.0020719997
10878,0.0011547524
10879,0.0033825273
10880,0.0053519155
10881,0.0018102343
10882,0.0015032328
10883,0.0012802503
10884,0.000694579
10885,0.0011421933
10886,0.0019394126
10887,0.0011115302
10888,0.0015055996
10889,0.0018473495
10890,0.0016536444
10891,0.0009381611
10892,0.0013868005
10893,0.00050408224
10894,0.0021383464
10895,0.0007544805
10896,0.0016168458
10897,0.000993672
10898,0.0015727642
10899,0.0015716536
10900,0.001048982
10901,0.0028282506
10902,0.012992812
10903,0.0015613062
10904,0.0032540667
10905,0.0021548737
10906,0.00078508636
10907,0.001647007
10908,0.0021477875
10909,0.0005599022
10910,0.003146439
10911,0.002551958
10912,0.0058709886
10913,0.0016300452
10914,0.0059187333
10915,0.005294823
10916,0.0021331133
10917,0.0025377134
10918,0.0006245392
10919,0.0014276354
10920,0.0021733388
10921,0.0022910794
10922,0.002961471
10923,0.0006178897
10924,0.0025330212
10925,0.0021642256
10926,0.0015446979
10927,0.002748626
10928,0.0010400234
10929,0.0042345673
10930,0.004330982
10931,0.00085638365
10932,0.00091267034
10933,0.00071618
10934,0.0011160948
10935,0.00116399
10936,0.0014460812
10937,0.0014819124
10938,0.0011751333
10939,0.001439241
10940,0.0005885244
10941,0.0013502727
10942,0.0015931366
10943,0.0008052519
10944,0.001185134
10945,0.00748054
10946,0.0035288937
10947,0.0015384075
10948,0.0036786404
10949,0.0015291316
10950,0.0056162397
10951,0.0026836572
10952,0.0005516521
10953,0.0016000217
10954,0.0021041597
10955,0.003887403
10956,0.0011852719
10957,0.0014780987
10958,0.0010706239
10959,0.00053118577
10960,0.00343227
10961,0.0012290176
10962,0.00068151974
10963,0.002152617
10964,0.0014319201
10965,0.0013797758
10966,0.00091806514
10967,0.0008298347
10968,0.001995013
10969,0.0033139864
10970,0.0012549781
10971,0.00213793
10972,0.0020477935
10973,0.00062390586
10974,0.0009378736
10975,0.001467498
10976,0.0027457555
10977,0.0010157783
10978,0.00089864316
10979,0.001320133
10980,0.002618022
10981,0.0023002694
10982,0.0036081746
10983,0.0012780591
10984,0.0012749732
10985,0.0015182666
10986,0.001128078
10987,0.0022705274
10988,0.0016942755
10989,0.00072911684
10990,0.0034969635
10991,0.0006542493
10992,0.0005364859
10993,0.0013856809
10994,0.0031155595
10995,0.0013318356
10996,0.0073688906
10997,0.0009926928
10998,0.0022120916
10999,0.0048443815
11000,0.0009758791
11001,0.0014950198
11002,0.004588572
11003,0.0054587503
11004,0.0011714713
11005,0.0009848176
11006,0.0020360833
11007,0.0047372296
11008,0.0009465874
11009,0.0017496813
11010,0.0036865561
11011,0.0041728546
11012,0.0009922218
11013,0.0025214409
11014,0.00063532736
11015,0.00064554706
11016,0.0006166664
11017,0.0036313746
11018,0.0011798943
11019,0.0013265013
11020,0.0020129944
11021,0.0023848482
11022,0.0013678924
11023,0.002313502
11024,0.0012171089
11025,0.003665586
11026,0.002041034
11027,0.0033035493
11028,0.0029788371
11029,0.00250739
11030,0.000546285
11031,0.0013731739
11032,0.0006057759
11033,0.0011652752
11034,0.0014305084
11035,0.0019100793
11036,0.00085534406
11037,0.0024904911
11038,0.0028674344
11039,0.00078503473
11040,0.0026629649
11041,0.0015449614
11042,0.0013742889
11043,0.0035528266
11044,0.0030125063
11045,0.0013836217
11046,0.0011548334
11047,0.0028034619
11048,0.00071434764
11049,0.0014795243
11050,0.00094495906
11051,0.0017279382
11052,0.0065865987
11053,0.0014526041
11054,0.00044063365
11055,0.0016286051
11056,0.0076937512
11057,0.0013885123
11058,0.0072759246
11059,0.002778363
11060,0.0031772882
11061,0.0018295754
11062,0.0035964735
11063,0.0015360327
11064,0.0018054692
11065,0.007048339
11066,0.0019611914
11067,0.0013585916
11068,0.0010447147
11069,0.0025399844
11070,0.0016755996
11071,0.0011617756
11072,0.001107495
11073,0.0019061163
11074,0.0024575214
11075,0.0010143291
11076,0.004501403
11077,0.0007229727
11078,0.001031284
11079,0.00092507194
11080,0.0012477171
11081,0.00091769896
11082,0.0013769541
11083,0.0027080702
11084,0.0026110911
11085,0.00080775167
11086,0.0019632962
11087,0.002003862
11088,0.0010978671
11089,0.004636458
11090,0.001932158
11091,0.0016814171
11092,0.0010857036
11093,0.0021747514
11094,0.000981831
11095,0.0007143957
11096,0.0025469915
11097,0.002782464
11098,0.0031021095
11099,0.0018861453
11100,0.0009202892
11101,0.0023424982
11102,0.001665435
11103,0.0012871345
11104,0.00044159064
11105,0.0010860944
11106,0.0016817289
11107,0.00087319815
11108,0.00050075026
11109,0.0016384501
11110,0.001560312
11111,0.0008598565
11112,0.0024244415
11113,0.002384795
11114,0.0015003051
11115,0.0004843776
11116,0.001683991
11117,0.0058682226
11118,0.0019238736
11119,0.0012199035
11120,0.002479014
11121,0.0033299115
11122,0.0025233484
11123,0.00081676967
11124,0.0039395955
11125,0.00061249366
11126,0.0018188788
11127,0.0015831853
11128,0.00070342544
11129,0.0015478618
11130,0.0028880083
11131,0.0012188985
11132,0.00055633823
11133,0.0048861136
11134,0.0005460131
11135,0.0029771768
11136,0.0037750849
11137,0.002952367
11138,0.000708812
11139,0.0010638755
11140,0.0014894693
11141,0.0020212755
11142,0.0005961959
11143,0.0015181705
11144,0.001879323
11145,0.0026595439
11146,0.003260319
11147,0.0017384513
11148,0.0030638913
11149,0.00068157393
11150,0.0011042145
11151,0.001029149
11152,0.0012167962
11153,0.00089606794
11154,0.0013390005
11155,0.0007820887
11156,0.0015120353
11157,0.0005639175
11158,0.00071898097
11159,0.00052875985
11160,0.0018737472
11161,0.0014698411
11162,0.0065198317
11163,0.0026244903
11164,0.0052266205
11165,0.0046713487
11166,0.00049845275
11167,0.00079083425
11168,0.00058822514
11169,0.0006600071
11170,0.0015242714
11171,0.0020725888
11172,0.0038712863
11173,0.0013688687
11174,0.0007538671
11175,0.0016017309
11176,0.0019217578
11177,0.0019351174
11178,0.000693743
11179,0.0020432957
11180,0.00054569164
11181,0.0010813759
11182,0.0012353396
11183,0.0009909059
11184,0.0003573645
11185,0.004627445
11186,0.0017216053
11187,0.0012885607
11188,0.00044621425
11189,0.0033531722
11190,0.00158152
11191,0.0029481503
11192,0.0010365916
11193,0.00086312846
11194,0.0013043876
11195,0.0013344156
11196,0.0008754447
11197,0.001265465
11198,0.00072609447
11199,0.0018136397
11200,0.0022628307
11201,0.0014348867
11202,0.0010125779
11203,0.0033540209
11204,0.00089822314
11205,0.00057180267
11206,0.0016296302
11207,0.0012735684
11208,0.00032198348
11209,0.001093462
11210,0.0019455133
11211,0.002053724
11212,0.0012311107
11213,0.0014286122
11214,0.0021817859
11215,0.0017501928
11216,0.0010390492
11217,0.0021583245
11218,0.0007278046
11219,0.0010161218
11220,0.0014025854
11221,0.00092152396
11222,0.001019227
11223,0.0022903532
11224,0.0020344367
11225,0.0024822953
11226,0.0051090666
11227,0.000628386
11228,0.0012183699
11229,0.0009650401
11230,0.00071179756
11231,0.000963192
11232,0.00057821075
11233,0.00094466127
11234,0.001454223
11235,0.0036489302
11236,0.0011325934
11237,0.0010007797
11238,0.00085096766
11239,0.0010767402
11240,0.0013313803
11241,0.0009905114
11242,0.0004334965
11243,0.0018406055
11244,0.0034473855
11245,0.0012065055
11246,0.0017369703
11247,0.0014410202
11248,0.0015031471
11249,0.0017140731
11250,0.0012647026
11251,0.0025440713
11252,0.00064460473
11253,0.0005394363
11254,0.0018298021
11255,0.00037320453
11256,0.0026273043
11257,0.00069321523
11258,0.0012358419
11259,0.0007820672
11260,0.0006818728
11261,0.004329884
11262,0.0006179362
11263,0.0010769918
11264,0.001152118
11265,0.0014780916
11266,0.00336611
11267,0.0044436157
11268,0.001069865
11269,0.0010627082
11270,0.0011313189
11271,0.0047776876
11272,0.0018416761
11273,0.0041765813
11274,0.0018346389
11275,0.0018383886
11276,0.000588043
11277,0.0014050822
11278,0.001328159
11279,0.004090147
11280,0.00065609516
11281,0.002317227
11282,0.0010765737
11283,0.0007895708
11284,0.0011104218
11285,0.0038826948
11286,0.0005768287
11287,0.001432392
11288,0.0011516125
11289,0.0010220001
11290,0.00097025547
11291,0.0007914046
11292,0.0006467393
11293,0.001529303
11294,0.0024553346
11295,0.0036355618
11296,0.002439727
11297,0.0013919204
11298,0.010893732
11299,0.0010930047
11300,0.0020332907
11301,0.005895422
11302,0.0012871515
11303,0.0033482048
11304,0.0036057509
11305,0.0027427895
11306,0.001919139
11307,0.0011355736
11308,0.0009934301
11309,0.0006053658
11310,0.0018049382
11311,0.0023559395
11312,0.0014859402
11313,0.0016103656
11314,0.0005928443
11315,0.0006927696
11316,0.0008461608
11317,0.0010858009
11318,0.00045437823
11319,0.0007974858
11320,0.0014811704
11321,0.0013176354
11322,0.0027802181
11323,0.0011954487
11324,0.0015695838
11325,0.0017105615
11326,0.0041305656
11327,0.00216413
11328,0.0019449684
11329,0.0010466812
11330,0.0012925972
11331,0.0019794756
11332,0.0065294616
11333,0.0010627882
11334,0.0043983306
11335,0.0015354167
11336,0.0013246447
11337,0.00077287207
11338,0.000586763
11339,0.0022549888
11340,0.0034595095
11341,0.0023168947
11342,0.0009911698
11343,0.0022250265
11344,0.0033104683
11345,0.0011368393
11346,0.0013545323
11347,0.0008102941
11348,0.0015495731
11349,0.0012464301
11350,0.0051644263
11351,0.0015126716
11352,0.0009297454
11353,0.0020669703
11354,0.0012494408
11355,0.0015118896
11356,0.0017136306
11357,0.0010722872
11358,0.0032413588
11359,0.00083222147
11360,0.001850552
11361,0.0026348433
11362,0.0013037691
11363,0.00068028114
11364,0.0008285789
11365,0.0026681987
11366,0.005759382
11367,0.0020282168
11368,0.0010673079
11369,0.0015521507
11370,0.001849184
11371,0.0014978155
11372,0.0022544924
11373,0.0006798704
11374,0.0011530988
11375,0.0014317589
11376,0.0011433329
11377,0.0014009662
11378,0.0013840605
11379,0.0017386675
11380,0.0016280017
11381,0.0020853702
11382,0.003238359
11383,0.0015352623
11384,0.0008560284
11385,0.0023912548
11386,0.0023518875
11387,0.0015843217
11388,0.0011177224
11389,0.0014371708
11390,0.0013013777
11391,0.0013840572
11392,0.0008655716
11393,0.0039517516
11394,0.0006109947
11395,0.002874784
11396,0.0010390517
11397,0.000740693
11398,0.0005852369
11399,0.0010804218
11400,0.00065403635
11401,0.00055575976
11402,0.0015265573
11403,0.0019326075
11404,0.0011390931
11405,0.00058300677
11406,0.0017667313
11407,0.0019052342
11408,0.00083981577
11409,0.0014770968
11410,0.0054739313
11411,0.0017762834
11412,0.0053146943
11413,0.0010444958
11414,0.00072274636
11415,0.002366374
11416,0.00068083283
11417,0.001840048
11418,0.0015030816
11419,0.00058960007
11420,0.0007187391
11421,0.0025159894
11422,0.0004200989
11423,0.003867697
11424,0.0007747908
11425,0.001478939
11426,0.0011602959
11427,0.00050774275
11428,0.001723433
11429,0.001963607
11430,0.0005925246
11431,0.0013178671
11432,0.0020399834
11433,0.0011165271
11434,0.0029043641
11435,0.00061606616
11436,0.002796136
11437,0.0013714996
11438,0.000883092
11439,0.00077621354
11440,0.0009248903
11441,0.00045737348
11442,0.0012377894
11443,0.0010777822
11444,0.0008731378
11445,0.001270475
11446,0.0009259458
11447,0.0011410393
11448,0.00097288843
11449,0.0021640281
11450,0.0008386112
11451,0.0019491641
11452,0.00281801
11453,0.0005283252
11454,0.000665424
11455,0.0009321647
11456,0.00078187627
11457,0.00071657007
11458,0.0049250084
11459,0.001993025
11460,0.0009340037
11461,0.0008393336
11462,0.0013768019
11463,0.0014643306
11464,0.0014786161
11465,0.00097177096
11466,0.0018149351
11467,0.00049485074
11468,0.0019129134
11469,0.0031817567
11470,0.0017148916
11471,0.0010593634
11472,0.0027658476
11473,0.0012054959
11474,0.0012498089
11475,0.00092855195
11476,0.0013551171
11477,0.0010715034
11478,0.0026676534
11479,0.0008577109
11480,0.00092129194
11481,0.0027195408
11482,0.00086802884
11483,0.001426895
11484,0.0011514192
11485,0.000987853
11486,0.0019465392
11487,0.0008256587
11488,0.0053851507
11489,0.0014334647
11490,0.0025623876
11491,0.0005782411
11492,0.001674713
11493,0.0005180252
11494,0.001356371
11495,0.0046213986
11496,0.0014137368
11497,0.002036478
11498,0.0016720683
11499,0.0019409689
11500,0.0019100836
11501,0.0007660028
11502,0.0011009333
11503,0.00076822063
11504,0.0008758352
11505,0.001310408
11506,0.0016308754
11507,0.0008135219
11508,0.0012575367
11509,0.0014029593
11510,0.0016957681
11511,0.0031301372
11512,0.0016831356
11513,0.0006960926
11514,0.0008069122
11515,0.0008669881
11516,0.00097613764
11517,0.0014505918
11518,0.0003856188
11519,0.0021278933
11520,0.0009918547
11521,0.0019037542
11522,0.0007336808
11523,0.0017457065
11524,0.002196325
11525,0.0013118007
11526,0.001761029
11527,0.00055449957
11528,0.0003546253
11529,0.0008076278
11530,0.0022740825
11531,0.0015871484
11532,0.0013062574
11533,0.0023472407
11534,0.00068470376
11535,0.002689103
11536,0.001423386
11537,0.0026153903
11538,0.001108779
11539,0.0031173355
11540,0.0007358569
11541,0.0007373643
11542,0.00096576015
11543,0.0015304672
11544,0.0019602845
11545,0.0007730137
11546,0.0011589762
11547,0.0012121511
11548,0.00092980673
11549,0.0010142708
11550,0.002528081
11551,0.00094444695
11552,0.00051968294
11553,0.00248854
11554,0.00079507724
11555,0.0010268195
11556,0.0014546849
11557,0.00072619366
11558,0.00059998676
11559,0.0015550754
11560,0.00077130104
11561,0.0005607772
11562,0.0010911175
11563,0.0010413924
11564,0.0005509356
11565,0.0010287105
11566,0.0008184733
11567,0.0015770885
11568,0.00087701867
11569,0.0011169112
11570,0.0011498163
11571,0.0013320176
11572,0.002798789
11573,0.0008140373
11574,0.0009020667
11575,0.0009205234
11576,0.004881824
11577,0.001491626
11578,0.0029646235
11579,0.0023098867
11580,0.00077864144
11581,0.00093861186
11582,0.0007250375
11583,0.0005311589
11584,0.0016454466
11585,0.001332827
11586,0.0036613292
11587,0.0009018104
11588,0.0017229158
11589,0.003732786
11590,0.001622481
11591,0.0050397525
11592,0.0012327081
11593,0.0012991357
11594,0.00081601174
11595,0.0019139122
11596,0.0010721276
11597,0.0005630559
11598,0.0017822407
11599,0.00049909524
11600,0.0020365417
11601,0.0018086663
11602,0.0016981419
11603,0.0007569366
11604,0.0015576113
11605,0.0010531703
11606,0.0010421043
11607,0.00067656505
11608,0.002529341
11609,0.0019014189
11610,0.00034990432
11611,0.0011897393
11612,0.0006639116
11613,0.001121642
11614,0.0008248716
11615,0.0011114943
11616,0.00029209812
11617,0.0019306856
11618,0.002006719
11619,0.0015192272
11620,0.00063533883
11621,0.0024698442
11622,0.0014163255
11623,0.000997137
11624,0.00066956686
11625,0.0013831146
11626,0.0007699889
11627,0.0010226995
11628,0.0005579229
11629,0.000584069
11630,0.0007774983
11631,0.00093112024
11632,0.0005031142
11633,0.0027899882
11634,0.0023363158
11635,0.000958093
11636,0.0030855876
11637,0.0008891776
11638,0.0010211592
11639,0.002832962
11640,0.00096109544
11641,0.0012401101
11642,0.0022725058
11643,0.0019268921
11644,0.00070423115
11645,0.0010610548
11646,0.0007249558
11647,0.0038789755
11648,0.0020932576
11649,0.0009692443
11650,0.001560669
11651,0.0026320377
11652,0.0009315119
11653,0.0011404045
11654,0.00088498206
11655,0.0014524463
11656,0.0016136274
11657,0.0013360368
11658,0.0027691927
11659,0.0009439193
11660,0.0015634055
11661,0.0025587026
11662,0.0012700197
11663,0.0011148144
11664,0.0016129914
11665,0.0013198481
11666,0.004291004
11667,0.0011940298
11668,0.002447807
11669,0.0017893425
11670,0.004299563
11671,0.0005187154
11672,0.0013375061
11673,0.0015322772
11674,0.0029508506
11675,0.0011943706
11676,0.0017563845
11677,0.00081496814
11678,0.000901751
11679,0.0006059513
11680,0.0008598982
11681,0.0014975357
11682,0.0066773263
11683,0.0010127126
11684,0.0007539636
11685,0.0012409874
11686,0.00062799774
11687,0.003219579
11688,0.0011368968
11689,0.0013802047
11690,0.0037361386
11691,0.0018894383
11692,0.0006270788
11693,0.003180281
11694,0.0019069497
11695,0.003550498
11696,0.0029874842
11697,0.0008446847
11698,0.00033704162
11699,0.00080595043
11700,0.0020492706
11701,0.0008165788
11702,0.00067881297
11703,0.0010531023
11704,0.0010696059
11705,0.0016634949
11706,0.0008842441
11707,0.0014408513
11708,0.003891153
11709,0.0013821255
11710,0.00039205488
11711,0.0013096422
11712,0.0011857921
11713,0.0011133159
11714,0.00068462564
11715,0.0007377544
11716,0.0005813225
11717,0.0029964591
11718,0.0009611017
11719,0.0015001143
11720,0.0010372106
11721,0.0015486892
11722,0.00074814435
11723,0.001699938
11724,0.0009107956
11725,0.0014806411
11726,0.00064982276
11727,0.0012057984
11728,0.000924331
11729,0.0010153693
11730,0.00046399378
11731,0.0007175687
11732,0.0008151633
11733,0.00075490755
11734,0.0019263417
11735,0.0014997397
11736,0.00033117933
11737,0.0008630516
11738,0.0013680985
11739,0.0016966971
11740,0.0006583133
11741,0.0010108807
11742,0.0010801764
11743,0.0011970827
11744,0.0013707504
11745,0.0005453251
11746,0.0009900564
11747,0.0011155609
11748,0.0012099466
11749,0.002077666
11750,0.0011081266
11751,0.00077051256
11752,0.001853496
11753,0.0009849624
11754,0.0021004763
11755,0.0023267483
11756,0.0013849853
11757,0.0006548423
11758,0.0007832058
11759,0.00084251515
11760,0.0004430042
11761,0.0016447146
11762,0.0033467438
11763,0.002014447
11764,0.0018026261
11765,0.0017071557
11766,0.0014198727
11767,0.001199323
11768,0.00040743544
11769,0.0005380859
11770,0.0017395354
11771,0.0015786353
11772,0.0011903523
11773,0.0013998351
11774,0.0010227704
11775,0.00023352174
11776,0.00041561373
11777,0.002721886
11778,0.0014310965
11779,0.0011168228
11780,0.00067074015
11781,0.0020737047
11782,0.0012343422
11783,0.00039914477
11784,0.0009938312
11785,0.0014570246
11786,0.000772796
11787,0.000947188
11788,0.00058558467
11789,0.0011804183
11790,0.0013331611
11791,0.0010630301
11792,0.0008904655
11793,0.0009506465
11794,0.0042445054
11795,0.00083728746
11796,0.0021998412
11797,0.00092567585
11798,0.0009746567
11799,0.00075431797
11800,0.001485753
11801,0.00057373947
11802,0.0012617673
11803,0.0018926854
11804,0.00075093657
11805,0.0018302848
11806,0.001248785
11807,0.00069130264
11808,0.00094249204
11809,0.00097051787
11810,0.0005799966
11811,0.00404739
11812,0.0004579981
11813,0.0014869067
11814,0.0058837384
11815,0.0014326888
11816,0.0005777132
11817,0.002585587
11818,0.0008721896
11819,0.0017253926
11820,0.001081481
11821,0.0008442218
11822,0.0013871888
11823,0.0012634055
11824,0.0015868043
11825,0.0012072054
11826,0.0018784824
11827,0.0016646172
11828,0.001802596
11829,0.00041040982
11830,0.001980571
11831,0.00067362253
11832,0.0007430076
11833,0.0011061091
11834,0.0004787856
11835,0.001420227
11836,0.0011504457
11837,0.0015734436
11838,0.0029608705
11839,0.001318403
11840,0.0010151543
11841,0.0014261219
11842,0.0018390676
11843,0.0010178423
11844,0.0011669842
11845,0.00082223746
11846,0.0016418332
11847,0.0014117864
11848,0.0014577305
11849,0.0018910293
11850,0.0026864763
11851,0.0014245622
11852,0.0011018394
11853,0.0033376187
11854,0.00080290454
11855,0.00069401914
11856,0.0040951674
11857,0.0024334465
11858,0.0009639851
11859,0.00069231604
11860,0.0018110899
11861,0.0011737329
11862,0.0013570813
11863,0.0012223754
11864,0.0011378854
11865,0.002232417
11866,0.0026098783
11867,0.0009357165
11868,0.0012188959
11869,0.0009166101
11870,0.0017191521
11871,0.00057452626
11872,0.0027461618
11873,0.0013667179
11874,0.0009186062
11875,0.0005835359
11876,0.0005332964
11877,0.0025361432
11878,0.0010662227
11879,0.0010101453
11880,0.0013781682
11881,0.0004802673
11882,0.0013434289
11883,0.00055017666
11884,0.0004804742
11885,0.0004976931
11886,0.0014907452
11887,0.0004790929
11888,0.0012735197
11889,0.0005040655
11890,0.0006992987
11891,0.0024033927
11892,0.001002832
11893,0.0012015252
11894,0.00057060237
11895,0.0009870729
11896,0.0007690203
11897,0.0015424828
11898,0.002175417
11899,0.001077711
11900,0.0004516503
11901,0.00026518968
11902,0.0006560951
11903,0.00090397993
11904,0.0005683769
11905,0.0017405568
11906,0.0005282019
11907,0.0014161536
11908,0.0014389297
11909,0.0013824576
11910,0.0018385152
11911,0.00062666216
11912,0.00095956994
11913,0.00041307305
11914,0.000842951
11915,0.017816482
11916,0.0019698741
11917,0.0012211188
11918,0.0028712298
11919,0.0008272657
11920,0.0020926185
11921,0.0015648564
11922,0.001038748
11923,0.0005094598
11924,0.001578764
11925,0.00055663026
11926,0.0006203745
11927,0.000505149
11928,0.0021442515
11929,0.0029929606
11930,0.0011849315
11931,0.0022883725
11932,0.0019013459
11933,0.0020341282
11934,0.00047390492
11935,0.0011509194
11936,0.0012300067
11937,0.0011258437
11938,0.0006183634
11939,0.000523267
11940,0.002037882
11941,0.0011460261
11942,0.0017100456
11943,0.0024131401
11944,0.0022590908
11945,0.0007784911
11946,0.0006199395
11947,0.00079467235
11948,0.0018274097
11949,0.0029371395
11950,0.0014306162
11951,0.0020000953
11952,0.001295864
11953,0.00070364063
11954,0.0008236407
11955,0.002933484
11956,0.0007624307
11957,0.0014318979
11958,0.0017210477
11959,0.0013655501
11960,0.0014275316
11961,0.0006429165
11962,0.0010353551
11963,0.0007980532
11964,0.0008684967
11965,0.0015350662
11966,0.0013097578
11967,0.0017259635
11968,0.00093797845
11969,0.0007765376
11970,0.0026825017
11971,0.0007608954
11972,0.0009806446
11973,0.00073230785
11974,0.0016494389
11975,0.0014180668
11976,0.0008434223
11977,0.00044914623
11978,0.001173283
11979,0.0011098845
11980,0.00040111356
11981,0.0014693688
11982,0.0004222909
11983,0.0024618441
11984,0.002688909
11985,0.0011788614
11986,0.001933632
11987,0.008583579
11988,0.00077318255
11989,0.0009923265
11990,0.00057746243
11991,0.0010426452
11992,0.0006279564
11993,0.002023889
11994,0.00068865705
11995,0.00095638144
11996,0.0005898372
11997,0.00085150433
11998,0.00097300037
11999,0.0037366995
12000,0.0013969872
12001,0.0006020221
12002,0.00041544158
12003,0.00063291664
12004,0.0013250469
12005,0.00043975844
12006,0.0008690278
12007,0.0014932851
12008,0.0022293983
12009,0.0004375642
12010,0.002279589
12011,0.0012790173
12012,0.0030926033
12013,0.0011626359
12014,0.004285937
12015,0.0016317939
12016,0.00037689842
12017,0.0010232312
12018,0.00039117268
12019,0.0010936613
12020,0.0008435406
12021,0.0007938157
12022,0.0012255139
12023,0.002325581
12024,0.0016243355
12025,0.0013115294
12026,0.0005028896
12027,0.0022738262
12028,0.0006621209
12029,0.00080488995
12030,0.0010545829
12031,0.000575963
12032,0.00038449612
12033,0.0014804284
12034,0.00081197784
12035,0.00083304796
12036,0.0007243679
12037,0.0005977525
12038,0.0015295482
12039,0.00067189056
12040,0.002095896
12041,0.0006732429
12042,0.00054449163
12043,0.0009699025
12044,0.0011525046
12045,0.0020061699
12046,0.0013450524
12047,0.00047057396
12048,0.0014008341
12049,0.0006034971
12050,0.0006829633
12051,0.0010298806
12052,0.0015337965
12053,0.001052043
12054,0.00060052663
12055,0.00065687235
12056,0.0004576196
12057,0.00082201953
12058,0.0014225704
12059,0.0011486555
12060,0.0010996665
12061,0.0004851243
12062,0.0005315948
12063,0.0013984335
12064,0.00095728395
12065,0.00038711503
12066,0.0010014484
12067,0.00059073523
12068,0.00076393655
12069,0.003388868
12070,0.0027547076
12071,0.0009314806
12072,0.0006466078
12073,0.0005686263
12074,0.0012712207
12075,0.0010900268
12076,0.00094500696
12077,0.00042593185
12078,0.0019401672
12079,0.0008214744
12080,0.0006848987
12081,0.0015930599
12082,0.0010385369
12083,0.00064278144
12084,0.0018452954
12085,0.00034771167
12086,0.001043109
12087,0.0015062792
12088,0.0005163227
12089,0.0035158603
12090,0.0005758831
12091,0.0038728327
12092,0.0006730584
12093,0.00075566303
12094,0.0011973649
12095,0.0005522246
12096,0.0018089152
12097,0.0017055656
12098,0.0024952614
12099,0.0017162911
12100,0.0012431476
12101,0.00078906724
12102,0.0009083169
12103,0.0010325336
12104,0.0011268146
12105,0.0014418007
12106,0.0014347339
12107,0.0016977357
12108,0.0006967837
12109,0.0010713451
12110,0.0024209283
12111,0.0006087081
12112,0.0009719096
12113,0.001974305
12114,0.0008034044
12115,0.00066750345
12116,0.0009008559
12117,0.0009943645
12118,0.000602241
12119,0.0006669329
12120,0.0010646067
12121,0.0010598567
12122,0.00082228374
12123,0.0014932799
12124,0.0012669696
12125,0.0016186723
12126,0.0008291318
12127,0.0014284805
12128,0.0011182211
12129,0.0012974232
12130,0.00035838244
12131,0.0040579434
12132,0.0014482195
12133,0.001999756
12134,0.001762723
12135,0.0007170425
12136,0.0006838725
12137,0.00073985336
12138,0.0009834623
12139,0.000952148
12140,0.00089554273
12141,0.0004159407
12142,0.001227428
12143,0.000243559
12144,0.00093943585
12145,0.0017375203
12146,0.0014612532
12147,0.0009739281
12148,0.0028834024
12149,0.0008200896
12150,0.0029445384
12151,0.0018326802
12152,0.0017753618
12153,0.00066775916
12154,0.000651077
12155,0.00062944856
12156,0.001090971
12157,0.0008861501
12158,0.0014457165
12159,0.0017155099
12160,0.00091798697
12161,0.00048034958
12162,0.0006295202
12163,0.0007783842
12164,0.0004243646
12165,0.0005543366
12166,0.00089151354
12167,0.0008383736
12168,0.0009237418
12169,0.0006953314
12170,0.0007749507
12171,0.001961903
12172,0.00087040156
12173,0.0012768211
12174,0.0011441318
12175,0.00094997854
12176,0.0012247512
12177,0.00069211726
12178,0.00094778347
12179,0.00062816386
12180,0.0014035999
12181,0.0008229362
12182,0.0017187154
12183,0.001197936
12184,0.0010647296
12185,0.00062160945
12186,0.0003622864
12187,0.00067780423
12188,0.0007482673
12189,0.0034906135
12190,0.00036495161
12191,0.000599429
12192,0.0019203722
12193,0.00069079443
12194,0.0012517414
12195,0.00043691078
12196,0.0007516688
12197,0.00082056253
12198,0.0012037407
12199,0.0015431095
12200,0.0011445028
12201,0.0009316188
12202,0.00055127346
12203,0.0011823713
12204,0.00078864343
12205,0.0018602583
12206,0.00093748246
12207,0.002713024
12208,0.0019387937
12209,0.0009867817
12210,0.0008204153
12211,0.0006642379
12212,0.0007040433
12213,0.00076611806
12214,0.0015441898
12215,0.0016699437
12216,0.0014153708
12217,0.00072933245
12218,0.0013055697
12219,0.00038139365
12220,0.0026053938
12221,0.0013253527
12222,0.0012762382
12223,0.0007081806
12224,0.0010871756
12225,0.00079962774
12226,0.0007198498
12227,0.0015745757
12228,0.0012824307
12229,0.0013813797
12230,0.00091006624
12231,0.0012314244
12232,0.00040081068
12233,0.0010768794
12234,0.0019413161
12235,0.000913977
12236,0.0012393016
12237,0.0003599905
12238,0.0023925474
12239,0.0006846961
12240,0.0004916184
12241,0.0011727745
12242,0.0017533288
12243,0.001005411
12244,0.0009934435
12245,0.0010817917
12246,0.0008375515
12247,0.0010122688
12248,0.001392962
12249,0.0002538847
12250,0.0005604649
12251,0.0009275574
12252,0.00020846134
12253,0.0013242856
12254,0.0006642538
12255,0.0024762265
12256,0.0004321272
12257,0.0020422249
12258,0.0006394937
12259,0.00063009374
12260,0.0011554357
12261,0.0010042691
12262,0.00054461247
12263,0.00036334406
12264,0.0006483358
12265,0.0012917251
12266,0.00072376925
12267,0.000425474
12268,0.0033744092
12269,0.001951845
12270,0.0011918177
12271,0.00079756725
12272,0.00045333515
12273,0.0004018724
12274,0.00045578173
12275,0.0021165737
12276,0.0007225846
12277,0.00042022788
12278,0.0011736207
12279,0.0012673436
12280,0.0014154658
12281,0.0009307072
12282,0.0017493089
12283,0.0007931198
12284,0.00094209216
12285,0.0016813485
12286,0.0005885517
12287,0.0023569092
12288,0.001122685
12289,0.0006348477
12290,0.0007006046
12291,0.0015841391
12292,0.0016244152
12293,0.0010422814
12294,0.00056436495
12295,0.0007628695
12296,0.0005773922
12297,0.0008968515
12298,0.0033991784
12299,0.0016118258
12300,0.0010994254
12301,0.0019712255
12302,0.0012318282
12303,0.0007356724
12304,0.0005918489
12305,0.001117623
12306,0.001052254
12307,0.00155427
12308,0.0003476502
12309,0.0010320141
12310,0.00084385194
12311,0.0012173662
12312,0.00042401307
12313,0.0014206386
12314,0.001424503
12315,0.0017716786
12316,0.0007586923
12317,0.0011741461
12318,0.0027683252
12319,0.0018074367
12320,0.002645641
12321,0.0009224994
12322,0.0011757812
12323,0.0039373892
12324,0.0005038438
12325,0.0013417891
12326,0.0017981607
12327,0.00057007524
12328,0.0005555507
12329,0.000739607
12330,0.004336101
12331,0.0004476802
12332,0.0009043622
12333,0.000537996
12334,0.0034611428
12335,0.00030221688
12336,0.000339737
12337,0.00067356916
12338,0.0009303863
12339,0.0016519034
12340,0.00029839564
12341,0.001846288
12342,0.00078174466
12343,0.00084124034
12344,0.0010665945
12345,0.00052608683
12346,0.00095983
12347,0.0009159335
12348,0.0005005511
12349,0.0009463764
12350,0.0015734122
12351,0.00087393017
12352,0.0023964518
12353,0.0013049837
12354,0.0011456818
12355,0.001508657
12356,0.00070146995
12357,0.0021457754
12358,0.00087611336
12359,0.0016467212
12360,0.0016968743
12361,0.0011839913
12362,0.00155562
12363,0.002236735
12364,0.0028437665
12365,0.001000814
12366,0.0011694302
12367,0.00068662484
12368,0.00042603168
12369,0.0010269287
12370,0.0005692801
12371,0.0006388036
12372,0.00041560168
12373,0.0008579821
12374,0.00045118434
12375,0.002481576
12376,0.00081817206
12377,0.00043889997
12378,0.0009814617
12379,0.0010143016
12380,0.00039950534
12381,0.0012114695
12382,0.0010515171
12383,0.00075388193
12384,0.0005980412
12385,0.0005204382
12386,0.0014978613
12387,0.0016500284
12388,0.00042876488
12389,0.0006320072
12390,0.0008238262
12391,0.010843299
12392,0.00060374144
12393,0.006213728
12394,0.0015198517
12395,0.00079854584
12396,0.00067464716
12397,0.001210217
12398,0.0013398264
12399,0.00057106296
12400,0.00077960937
12401,0.0017971337
12402,0.00089053484
12403,0.0010276694
12404,0.0005158357
12405,0.0012616537
12406,0.00087443023
12407,0.0018622493
12408,0.0006432702
12409,0.0005975891
12410,0.0014662632
12411,0.00095606275
12412,0.001903228
12413,0.000537662
12414,0.0006960438
12415,0.00091428263
12416,0.0014255147
12417,0.0009545758
12418,0.0006363514
12419,0.0010279454
12420,0.0019309528
12421,0.0010808768
12422,0.0012451505
12423,0.0020588909
12424,0.0008681453
12425,0.00081299955
12426,0.0010335407
12427,0.00137057
12428,0.0005860853
12429,0.0004854417
12430,0.0012224887
12431,0.00021750617
12432,0.0014755587
12433,0.0009213903
12434,0.0025928887
12435,0.0012155514
12436,0.0011271297
12437,0.0008032502
12438,0.0007206094
12439,0.002214467
12440,0.0025841696
12441,0.0009900056
12442,0.0007356667
12443,0.0007913529
12444,0.0021752033
12445,0.0011280894
12446,0.000981086
12447,0.001495218
12448,0.00055338966
12449,0.0008077981
12450,0.0008729035
12451,0.00061724125
12452,0.002979356
12453,0.0010761488
12454,0.00068326615
12455,0.0009103695
12456,0.001343907
12457,0.0011576747
12458,0.0011034623
12459,0.00050948875
12460,0.0009098143
12461,0.0011002184
12462,0.0017594827
12463,0.0028296395
12464,0.00046892656
12465,0.00039850324
12466,0.0010364691
12467,0.00086655316
12468,0.0006492219
12469,0.0035122293
12470,0.0022063376
12471,0.0012173859
12472,0.0003766004
12473,0.0008386675
12474,0.0007242303
12475,0.0009586866
12476,0.00085542945
12477,0.00085235416
12478,0.0005323942
12479,0.00068689696
12480,0.0024391927
12481,0.0012046898
12482,0.0014230281
12483,0.0008166362
12484,0.0006963013
12485,0.0007322516
12486,0.0026435237
12487,0.0003535373
12488,0.00044082679
12489,0.0015163637
12490,0.0010550142
12491,0.00080153346
12492,0.001181958
12493,0.00070108
12494,0.0010694204
12495,0.0007004065
12496,0.0016123469
12497,0.0014016072
12498,0.0011169565
12499,0.00039858604
12500,0.0005774238
12501,0.00068147684
12502,0.0004760881
12503,0.00071148045
12504,0.00086259324
12505,0.00064512336
12506,0.0007610734
12507,0.00026664557
12508,0.0012224767
12509,0.0018396555
12510,0.0012101446
12511,0.0017495835
12512,0.0007953927
12513,0.0007148335
12514,0.0006555755
12515,0.00064142904
12516,0.00019540962
12517,0.00079459505
12518,0.0005986426
12519,0.0006979176
12520,0.0014694592
12521,0.0011742194
12522,0.00053137454
12523,0.0010557229
12524,0.0028563528
12525,0.0015793319
12526,0.00082143425
12527,0.0013805587
12528,0.0017126013
12529,0.00051000086
12530,0.0032277165
12531,0.0011992253
12532,0.0014981425
12533,0.0017535059
12534,0.0006045857
12535,0.0010755886
12536,0.0006057484
12537,0.0010000848
12538,0.0032585782
12539,0.0014724173
12540,0.0004088862
12541,0.0026771994
12542,0.00066138816
12543,0.0024508648
12544,0.00058453315
12545,0.0013254791
12546,0.0005460663
12547,0.0011912136
12548,0.00077117834
12549,0.0007721182
12550,0.0006503676
12551,0.0008639533
12552,0.0009390412
12553,0.00085511967
12554,0.00052272505
12555,0.0011087358
12556,0.0029305306
12557,0.0010019916
12558,0.00048304754
12559,0.0042111147
12560,0.0011526016
12561,0.0004845445
12562,0.0012542048
12563,0.001396458
12564,0.0014614094
12565,0.0011021679
12566,0.00021761509
12567,0.0014412504
12568,0.002001841
12569,0.00060760847
12570,0.0008181538
12571,0.00061461376
12572,0.0012004916
12573,0.00070344366
12574,0.00061065645
12575,0.00025541737
12576,0.0005034326
12577,0.00045667635
12578,0.0011501007
12579,0.0018327478
12580,0.0011187257
12581,0.000873017
12582,0.0012298084
12583,0.0006159887
12584,0.00060297624
12585,0.0007338692
12586,0.0005985334
12587,0.0016868229
12588,0.00041350818
12589,0.0009239749
12590,0.00068151
12591,0.0016795706
12592,0.0009068889
12593,0.0005048796
12594,0.0014152316
12595,0.0011026451
12596,0.0003751193
12597,0.0006056215
12598,0.0010265133
12599,0.00015555107
12600,0.000834245
12601,0.0004585424
12602,0.0012221604
12603,0.00048637472
12604,0.00074238604
12605,0.0022349516
12606,0.0013678843
12607,0.0014302238
12608,0.0010882964
12609,0.0011883382
12610,0.00085327035
12611,0.0015208473
12612,0.00097021123
12613,0.00034419718
12614,0.0011693448
12615,0.0005577531
12616,0.001173829
12617,0.0018000348
12618,0.0007740397
12619,0.000758097
12620,0.00086925476
12621,0.0011895073
12622,0.0019309183
12623,0.00076426077
12624,0.001212169
12625,0.0020032923
12626,0.0008525126
12627,0.00063628034
12628,0.0013924057
12629,0.000519201
12630,0.0011168323
12631,0.0010765286
12632,0.0013027457
12633,0.00061971246
12634,0.0012095982
12635,0.0003062371
12636,0.00078770274
12637,0.0011217194
12638,0.0006349815
12639,0.0004088218
12640,0.0017874044
12641,0.00031181384
12642,0.0005466035
12643,0.0015718553
12644,0.0015203541
12645,0.0019755983
12646,0.00027399353
12647,0.0006105313
12648,0.0015142792
12649,0.001461744
12650,0.0006373038
12651,0.002053594
12652,0.0008269741
12653,0.0006834481
12654,0.00038912956
12655,0.0014259147
12656,0.0007488219
12657,0.00081303803
12658,0.0008352709
12659,0.0009864359
12660,0.0021216837
12661,0.0013035943
12662,0.0024157818
12663,0.0011550492
12664,0.0014404504
12665,0.003359418
12666,0.00071360834
12667,0.0012579091
12668,0.0030803692
12669,0.00020012626
12670,0.0012559688
12671,0.00081870187
12672,0.001449031
12673,0.0007722536
12674,0.00054548524
12675,0.0005962412
12676,0.0014706191
12677,0.0011595965
12678,0.0009389078
12679,0.0017329265
12680,0.0014111993
12681,0.00108536
12682,0.00049149856
12683,0.001067768
12684,0.0007641066
12685,0.0031499276
12686,0.00027811324
12687,0.0018049069
12688,0.0017332865
12689,0.00069416914
12690,0.0005679435
12691,0.0011017103
12692,0.00082506955
12693,0.0006107207
12694,0.0016924553
12695,0.0012614646
12696,0.0006112702
12697,0.0006123147
12698,0.002261358
12699,0.0017239902
12700,0.00073580747
12701,0.0008515845
12702,0.0014423938
12703,0.00039719022
12704,0.0013175197
12705,0.0011213686
12706,0.00043955148
12707,0.0008220643
12708,0.001350493
12709,0.00037604806
12710,0.0008422231
12711,0.0005593191
12712,0.0020364425
12713,0.0002565945
12714,0.0012857524
12715,0.0017356192
12716,0.0004041048
12717,0.0013899582
12718,0.0020498259
12719,0.0020759339
12720,0.00032307013
12721,0.00043724795
12722,0.0005932143
12723,0.0010651511
12724,0.0005578826
12725,0.0005115506
12726,0.0021455486
12727,0.001306368
12728,0.0005014019
12729,0.00032387118
12730,0.0032051266
12731,0.0016211896
12732,0.00089302426
12733,0.0006451562
12734,0.0010627648
12735,0.008413416
12736,0.0007736664
12737,0.0011453279
12738,0.00056670385
12739,0.0009712961
12740,0.0029422897
12741,0.00048097983
12742,0.0016808652
12743,0.0017311685
12744,0.0006321707
12745,0.00074288243
12746,0.00074237556
12747,0.0002868562
12748,0.0065759006
12749,0.00057364866
12750,0.00084765087
12751,0.0012702304
12752,0.0014383503
12753,0.00124185
12754,0.0011114794
12755,0.00085958553
12756,0.0007684291
12757,0.0012632256
12758,0.00061661063
12759,0.00062376185
12760,0.0012025762
12761,0.00050656026
12762,0.00037393073
12763,0.0009642303
12764,0.0010527826
12765,0.0007888214
12766,0.0006435364
12767,0.0010244102
12768,0.0011217188
12769,0.00092182145
12770,0.00030088358
12771,0.0007524929
12772,0.0022241692
12773,0.0011508396
12774,0.00071637775
12775,0.00092106644
12776,0.0013348493
12777,0.00091571617
12778,0.00082226895
12779,0.0011245084
12780,0.00038977445
12781,0.0008186288
12782,0.00049707765
12783,0.00083483814
12784,0.002712135
12785,0.0012344186
12786,0.0010193286
12787,0.0003726485
12788,0.00044027736
12789,0.0018472257
12790,0.0012490333
12791,0.00035306206
12792,0.0017950617
12793,0.00042820667
12794,0.00058628543
12795,0.0011086016
12796,0.0005890799
12797,0.00048965705
12798,0.000861232
12799,0.0015034019
12800,0.0012350525
12801,0.0005927906
12802,0.0003491365
12803,0.00031946445
12804,0.0009942336
12805,0.0013811502
12806,0.0009761882
12807,0.0004870067
12808,0.00075863814
12809,0.0015877823
12810,0.002253214
12811,0.0005090542
12812,0.0004595838
12813,0.0016776572
12814,0.001067205
12815,0.00051724847
12816,0.0013537126
12817,0.001790806
12818,0.0014674683
12819,0.000642984
12820,0.00091468584
12821,0.00078757235
12822,0.0006945123
12823,0.0006876469
12824,0.00072153937
12825,0.0033082108
12826,0.0004970797
12827,0.0018896749
12828,0.0021842886
12829,0.0005352637
12830,0.00074676593
12831,0.0006500283
12832,0.00035925728
12833,0.0011634022
12834,0.0007002699
12835,0.0023605248
12836,0.000726989
12837,0.0012277304
12838,0.0010016713
12839,0.00087739044
12840,0.0013058443
12841,0.0015007348
12842,0.0005282821
12843,0.0014976559
12844,0.0004773669
12845,0.0021277873
12846,0.00046547927
12847,0.0007851772
12848,0.00035084004
12849,0.0005245877
12850,0.0012534102
12851,0.0007892545
12852,0.0011234407
12853,0.0015605974
12854,0.0009798581
12855,0.0012293512
12856,0.0014064324
12857,0.0017645294
12858,0.0005390723
12859,0.0004484718
12860,0.0009734834
12861,0.0010920056
12862,0.0009262391
12863,0.0005586482
12864,0.0007234587
12865,0.0006551093
12866,0.0003875703
12867,0.0006447127
12868,0.003296586
12869,0.00050802634
12870,0.0006500246
12871,0.00042474212
12872,0.0023055514
12873,0.002953081
12874,0.0017794606
12875,0.000621694
12876,0.00032641218
12877,0.00064440444
12878,0.00029401673
12879,0.0017684794
12880,0.001794402
12881,0.0006632787
12882,0.00066695345
12883,0.0009370821
12884,0.001780265
12885,0.0012317591
12886,0.0016630657
12887,0.0009725308
12888,0.00083493
12889,0.00046343432
12890,0.0013654045
12891,0.00054318755
12892,0.0014291917
12893,0.0012918845
12894,0.0018400163
12895,0.0016424062
12896,0.0012327379
12897,0.0010897343
12898,0.0011391961
12899,0.00070212164
12900,0.0009745806
12901,0.0015773614
12902,0.00026921404
12903,0.0016864033
12904,0.00095900433
12905,0.0010224131
12906,0.0013593332
12907,0.00036726307
12908,0.002609872
12909,0.00075576967
12910,0.00062535354
12911,0.0007008996
12912,0.0009770258
12913,0.000446552
12914,0.0015834672
12915,0.003948578
12916,0.0012931535
12917,0.0007759958
12918,0.0007659136
12919,0.00570536
12920,0.0032385336
12921,0.00082386425
12922,0.00069109607
12923,0.0005873441
12924,0.00032376507
12925,0.0017549613
12926,0.0008389815
12927,0.00042040856
12928,0.00053311
12929,0.00054031366
12930,0.00062939385
12931,0.00059506856
12932,0.0010325859
12933,0.00034967222
12934,0.000762836
12935,0.0008315842
12936,0.0013151505
12937,0.0003693296
12938,0.0006058436
12939,0.0011329369
12940,0.0013938294
12941,0.0011280138
12942,0.0033402243
12943,0.0010943696
12944,0.00091275276
12945,0.0009451055
12946,0.0008016454
12947,0.00053612597
12948,0.00067007914
12949,0.0006027727
12950,0.00233598
12951,0.003073274
12952,0.0016767912
12953,0.00022867537
12954,0.00035277708
12955,0.0011961308
12956,0.000693557
12957,0.00051590934
12958,0.00090157875
12959,0.00271934
12960,0.0007892415
12961,0.0008671411
12962,0.0004581796
12963,0.00051622046
12964,0.0011540467
12965,0.0020327226
12966,0.0006261083
12967,0.00055165554
12968,0.0009084205
12969,0.00030989718
12970,0.0006267942
12971,0.0019707317
12972,0.00070447085
12973,0.002488682
12974,0.0014226226
12975,0.001196762
12976,0.002237393
12977,0.0009900496
12978,0.0020944143
12979,0.00097654265
12980,0.0005712418
12981,0.0013341805
12982,0.00044100548
12983,0.0012607975
12984,0.0005221996
12985,0.0008555436
12986,0.0008158295
12987,0.0012260546
12988,0.0007897728
12989,0.0010006768
12990,0.0020047221
12991,0.000345087
12992,0.00044084628
12993,0.001113153
12994,0.0011355886
12995,0.0011930605
12996,0.00081647903
12997,0.0007714349
12998,0.0013091377
12999,0.00085838244
13000,0.00064342114
13001,0.0011677581
13002,0.00078633655
13003,0.002139429
13004,0.0005476961
13005,0.0005281119
13006,0.0012070277
13007,0.0020619887
13008,0.0007489607
13009,0.00042576774
13010,0.0007673821
13011,0.00074017205
13012,0.00079316826
13013,0.00045889922
13014,0.00087152235
13015,0.0011231954
13016,0.00063049665
13017,0.0006176131
13018,0.0013618481
13019,0.0010612073
13020,0.001467172
13021,0.0004826634
13022,0.00071092456
13023,0.001337479
13024,0.0047844723
13025,0.0023371142
13026,0.0005541138
13027,0.0014273609
13028,0.0010171442
13029,0.0005453449
13030,0.0015673932
13031,0.0018279168
13032,0.00090023613
13033,0.00037758116
13034,0.0010085253
13035,0.0011786639
13036,0.0004926837
13037,0.0006366324
13038,0.0009121217
13039,0.00032541752
13040,0.0002463511
13041,0.0003565467
13042,0.0009814332
13043,0.00062997645
13044,0.00091706344
13045,0.0010270404
13046,0.0009365025
13047,0.0005008377
13048,0.0013258931
13049,0.0007828835
13050,0.0022736385
13051,0.001097335
13052,0.0014542182
13053,0.0005984579
13054,0.00085294375
13055,0.0005229021
13056,0.0015306749
13057,0.00051129976
13058,0.00094798784
13059,0.000753876
13060,0.00062185916
13061,0.00087884226
13062,0.0007662732
13063,0.0010279906
13064,0.00041461992
13065,0.0006734472
13066,0.0005651065
13067,0.0006664668
13068,0.0002766541
13069,0.0006747388
13070,0.00105302
13071,0.0005086946
13072,0.0009509078
13073,0.0005191252
13074,0.00062176044
13075,0.00037702205
13076,0.00037549567
13077,0.001650802
13078,0.0007312926
13079,0.0009330589
13080,0.0005873073
13081,0.0016973285
13082,0.001721738
13083,0.0004828413
13084,0.0017841872
13085,0.0062358053
13086,0.00041245137
13087,0.0012725162
13088,0.00025646907
13089,0.0011882981
13090,0.0012391882
13091,0.000469562
13092,0.00057537114
13093,0.000925304
13094,0.00022827389
13095,0.00095943036
13096,0.0006083347
13097,0.0008989277
13098,0.00044334933
13099,0.00089361507
13100,0.0002896904
13101,0.0015541951
13102,0.0011839792
13103,0.0006381829
13104,0.00048102686
13105,0.0016744434
13106,0.001451661
13107,0.00043444204
13108,0.0032570232
13109,0.0007273143
13110,0.00034952455
13111,0.00061900786
13112,0.0010154394
13113,0.00065630506
13114,0.001223937
13115,0.00061935117
13116,0.0011353415
13117,0.0011413799
13118,0.00050441653
13119,0.00061904785
13120,0.0010240535
13121,0.0022142106
13122,0.0007760766
13123,0.000445355
13124,0.00071035273
13125,0.00027303406
13126,0.0023072432
13127,0.0012413473
13128,0.001975297
13129,0.00091843563
13130,0.001072918
13131,0.0009207726
13132,0.00066339504
13133,0.00033777714
13134,0.0009995218
13135,0.002732246
13136,0.00032742825
13137,0.00081654044
13138,0.0016822554
13139,0.0015080901
13140,0.0005665749
13141,0.0015975396
13142,0.0008795606
13143,0.0021937347
13144,0.0004865786
13145,0.00026035577
13146,0.0014827223
13147,0.00085829326
13148,0.0003788517
13149,0.0005076753
13150,0.0009889422
13151,0.0007187852
13152,0.004201492
13153,0.00035494068
13154,0.00082465593
13155,0.0005705029
13156,0.00058677135
13157,0.00074202544
13158,0.0005320414
13159,0.0009744616
13160,0.0010215079
13161,0.0005957394
13162,0.00055468915
13163,0.000478614
13164,0.0015209301
13165,0.0011269137
13166,0.0012733093
13167,0.0002886325
13168,0.00039815702
13169,0.0004997342
13170,0.0008099752
13171,0.00070308737
13172,0.0011866374
13173,0.000595402
13174,0.00018187043
13175,0.0028401318
13176,0.004297523
13177,0.00045084977
13178,0.00033372059
13179,0.0027737126
13180,0.00093597104
13181,0.0005848676
13182,0.0011050012
13183,0.0005280881
13184,0.0013001489
13185,0.00036737876
13186,0.0008158183
13187,0.0013569356
13188,0.0005545638
13189,0.0010886911
13190,0.00081038475
13191,0.0008437948
13192,0.0003140849
13193,0.0014338504
13194,0.0008226951
13195,0.00042591814
13196,0.00080013473
13197,0.0005138045
13198,0.0006714199
13199,0.0015146559
13200,0.00033431177
13201,0.00035431702
13202,0.0011444114
13203,0.001602616
13204,0.0008715219
13205,0.0007309635
13206,0.00077201595
13207,0.0007282225
13208,0.00035446667
13209,0.00075408973
13210,0.0006053898
13211,0.00049313356
13212,0.00068467134
13213,0.00128958
13214,0.00044579778
13215,0.0004831683
13216,0.00059155066
13217,0.0012939402
13218,0.00081216963
13219,0.0005538314
13220,0.0003961821
13221,0.0003288808
13222,0.0007639307
13223,0.0007217042
13224,0.0011654557
13225,0.0003757844
13226,0.0014810773
13227,0.0007138825
13228,0.0005741717
13229,0.0006861081
13230,0.00022351606
13231,0.00016090777
13232,0.0012198073
13233,0.00062187755
13234,0.00078011566
13235,0.00038119854
13236,0.00041216248
13237,0.0006374504
13238,0.00025402053
13239,0.0013350686
13240,0.0012692267
13241,0.0005602088
13242,0.001091935
13243,0.0016917236
13244,0.00089460803
13245,0.00065063237
13246,0.0009908846
13247,0.0012420655
13248,0.001606821
13249,0.00027305054
13250,0.00037508877
13251,0.00039012614
13252,0.0016927803
13253,0.0017362995
13254,0.000502207
13255,0.00087800703
13256,0.0004670131
13257,0.001626847
13258,0.0007791039
13259,0.0015149966
13260,0.0010162841
13261,0.00029690086
13262,0.000660849
13263,0.0013778622
13264,0.00043487275
13265,0.00043361553
13266,0.0008744733
13267,0.0009487639
13268,0.0010620621
13269,0.00047632217
13270,0.0006758203
13271,0.0010771406
13272,0.00036929984
13273,0.0008068415
13274,0.0006274729
13275,0.0006787443
13276,0.0007611363
13277,0.00048145792
13278,0.0014208459
13279,0.00091667695
13280,0.0012695971
13281,0.0008027768
13282,0.0002894167
13283,0.00046166385
13284,0.0012807535
13285,0.00045301134
13286,0.0010286547
13287,0.0008533975
13288,0.0010568015
13289,0.0008720868
13290,0.00042911796
13291,0.0015152547
13292,0.001029081
13293,0.0009102079
13294,0.0010773276
13295,0.00043952948
13296,0.0013047477
13297,0.0009446739
13298,0.001909011
13299,0.00039988224
13300,0.0029214805
13301,0.0005159062
13302,0.0004533713
13303,0.0012913249
13304,0.0012146544
13305,0.00031119277
13306,0.0002516669
13307,0.00036320425
13308,0.0006410962
13309,0.00045542122
13310,0.00044304805
13311,0.0010092694
13312,0.00095271645
13313,0.0026703496
13314,0.00039751624
13315,0.002412061
13316,0.0009407004
13317,0.0007888026
13318,0.0004274853
13319,0.0007893676
13320,0.0016598997
13321,0.0003163057
13322,0.00074059283
13323,0.00046356348
13324,0.000785585
13325,0.0006903008
13326,0.0010000982
13327,0.00063481973
13328,0.0007018619
13329,0.00048463905
13330,0.00040019286
13331,0.0012663818
13332,0.0017963008
13333,0.0005206397
13334,0.00052217284
13335,0.0005062722
13336,0.0012840636
13337,0.0034318108
13338,0.0016033216
13339,0.0004723966
13340,0.0013822556
13341,0.0012366141
13342,0.00073280866
13343,0.0021891939
13344,0.0012523788
13345,0.0011081146
13346,0.0012269265
13347,0.00065042224
13348,0.00060073624
13349,0.0005758796
13350,0.0015112605
13351,0.00039757518
13352,0.0004308586
13353,0.0013142759
13354,0.001802111
13355,0.0009010028
13356,0.00069639384
13357,0.0008740489
13358,0.0006964645
13359,0.001259992
13360,0.0004063946
13361,0.0011892784
13362,0.0010383078
13363,0.0003429288
13364,0.00382379
13365,0.0012041677
13366,0.0004710392
13367,0.000774816
13368,0.00089066854
13369,0.00047678806
13370,0.00034538726
13371,0.00070180173
13372,0.0007948792
13373,0.00079688244
13374,0.001688669
13375,0.0006456726
13376,0.0006966061
13377,0.0005482668
13378,0.00086670276
13379,0.00032100538
13380,0.0011501618
13381,0.00032199666
13382,0.0021155435
13383,0.0010917105
13384,0.0006064812
13385,0.00030856795
13386,0.0004960287
13387,0.00021507856
13388,0.0011620055
13389,0.0008407195
13390,0.00085109065
13391,0.00036217185
13392,0.0011821111
13393,0.0003543432
13394,0.00068788335
13395,0.0033095353
13396,0.00041728816
13397,0.0008638363
13398,0.00033144842
13399,0.00095004006
13400,0.0016144144
13401,0.0010803252
13402,0.00029988022
13403,0.00020031062
13404,0.00049255305
13405,0.00060396147
13406,0.00044476835
13407,0.0014070015
13408,0.00086489384
13409,0.0017852845
13410,0.0017283425
13411,0.0014350347
13412,0.0007573831
13413,0.0010454053
13414,0.00031043618
13415,0.0010898111
13416,0.0021641064
13417,0.0005868405
13418,0.0012925382
13419,0.00039266248
13420,0.0003372644
13421,0.0010339629
13422,0.0007986826
13423,0.0023100125
13424,0.0007898987
13425,0.001137191
13426,0.00079357455
13427,0.0006166167
13428,0.00054175715
13429,0.00055688835
13430,0.0004451116
13431,0.00025391884
13432,0.0010091274
13433,0.00020912258
13434,0.00032361952
13435,0.0003084415
13436,0.00033751392
13437,0.0016884852
13438,0.0011339335
13439,0.00046612966
13440,0.0025134531
13441,0.0005763551
13442,0.0011287512
13443,0.00096539286
13444,0.0009764095
13445,0.00054740236
13446,0.00028500945
13447,0.00017047075
13448,0.00034986986
13449,0.0019448738
13450,0.0003768585
13451,0.0014706444
13452,0.00045628016
13453,0.001374959
13454,0.00079867314
13455,0.00084049045
13456,0.0009637115
13457,0.001498401
13458,0.0005574994
13459,0.00048554654
13460,0.0006068308
13461,0.00049115124
13462,0.0007415118
13463,0.0013813825
13464,0.0006551788
13465,0.00071777287
13466,0.00061957753
13467,0.00035202247
13468,0.00037037136
13469,0.001448957
13470,0.00051494024
13471,0.0010806462
13472,0.00027409365
13473,0.0011221406
13474,0.00022536387
13475,0.00068066624
13476,0.00043837857
13477,0.0003959486
13478,0.00026501322
13479,0.0018486438
13480,0.0009399363
13481,0.00045165053
13482,0.0009793664
13483,0.0005595609
13484,0.0004888596
13485,0.001025548
13486,0.0006048137
13487,0.001758336
13488,0.0011967877
13489,0.0026802712
13490,0.0005614568
13491,0.0003192664
13492,0.0011121744
13493,0.00078866014
13494,0.0009679992
13495,0.0002444724
13496,0.0008670229
13497,0.0006527092
13498,0.0014168988
13499,0.0009741858
13500,0.0015739247
13501,0.0007068032
13502,0.0009182909
13503,0.0008827199
13504,0.0005122396
13505,0.00040967469
13506,0.00053288596
13507,0.0008885577
13508,0.0020092844
13509,0.0008503452
13510,0.00074738765
13511,0.0005398189
13512,0.0007459613
13513,0.0009978083
13514,0.0015937834
13515,0.00089581904
13516,0.00068779616
13517,0.0010566409
13518,0.00044550712
13519,0.0010002773
13520,0.00057755696
13521,0.00084364426
13522,0.0009383272
13523,0.002784586
13524,0.00043588263
13525,0.0009100504
13526,0.0005886459
13527,0.0014824934
13528,0.0012063838
13529,0.00085993373
13530,0.0012255048
13531,0.0006447021
13532,0.0009374397
13533,0.00079429586
13534,0.001009027
13535,0.0013585218
13536,0.0009774197
13537,0.00049598655
13538,0.0015153788
13539,0.0012989885
13540,0.0005874619
13541,0.0020644474
13542,0.00064075075
13543,0.0027642397
13544,0.00042177367
13545,0.0010186101
13546,0.00046903998
13547,0.00042087495
13548,0.00049787713
13549,0.0006127278
13550,0.00032987722
13551,0.00045075972
13552,0.00047529454
13553,0.00062055973
13554,0.0011724753
13555,0.0013793545
13556,0.0004631629
13557,0.0006854655
13558,0.0011369218
13559,0.0005496466
13560,0.00051469996
13561,0.001557114
13562,0.00033832266
13563,0.0007350927
13564,0.00037400506
13565,0.00073956366
13566,0.0008508145
13567,0.00052743533
13568,0.0009891333
13569,0.0010913443
13570,0.0006337764
13571,0.0018457689
13572,0.00071115367
13573,0.00059450313
13574,0.0008407697
13575,0.0031263109
13576,0.00064327207
13577,0.0004084512
13578,0.00044057405
13579,0.0005792078
13580,0.0014458838
13581,0.00078473485
13582,0.00062469306
13583,0.0010836427
13584,0.0013425703
13585,0.0023830936
13586,0.0010654703
13587,0.0008036621
13588,0.0012589411
13589,0.0005091273
13590,0.0009511058
13591,0.00039025667
13592,0.0011013171
13593,0.0019273642
13594,0.0006807836
13595,0.0007935666
13596,0.0007442701
13597,0.00049445167
13598,0.0004413113
13599,0.0011042553
13600,0.0024816054
13601,0.0013259602
13602,0.000956652
13603,0.0004110754
13604,0.00096250564
13605,0.0005739631
13606,0.00052896806
13607,0.00040941595
13608,0.00024762662
13609,0.00063505216
13610,0.0008684689
13611,0.00052240584
13612,0.00051618804
13613,0.0009901349
13614,0.0014499958
13615,0.00047485388
13616,0.00053505134
13617,0.0007223282
13618,0.0006193618
13619,0.0005369338
13620,0.00058191235
13621,0.00067080033
13622,0.0009633827
13623,0.0012746188
13624,0.00031172097
13625,0.00093658915
13626,0.0008677377
13627,0.003568296
13628,0.0024555158
13629,0.00077540014
13630,0.0009863164
13631,0.000588889
13632,0.0008147302
13633,0.0017295291
13634,0.00054646534
13635,0.0005617437
13636,0.0005964449
13637,0.000565782
13638,0.0002057937
13639,0.0006112353
13640,0.001105401
13641,0.00028957232
13642,0.002312869
13643,0.00034973145
13644,0.001795878
13645,0.00027521484
13646,0.00048631337
13647,0.0004785521
13648,0.00045255563
13649,0.000707233
13650,0.0014695324
13651,0.00042545857
13652,0.0010660014
13653,0.0013912354
13654,0.00070030475
13655,0.0011509839
13656,0.00041141154
13657,0.0024514247
13658,0.00095755456
13659,0.0007588309
13660,0.00092321046
13661,0.00043560896
13662,0.00043509295
13663,0.000980662
13664,0.0004831351
13665,0.00067110296
13666,0.0015023535
13667,0.00044718312
13668,0.0013785417
13669,0.0014381349
13670,0.0006681256
13671,0.0007056739
13672,0.0006441823
13673,0.0003412905
13674,0.007144882
13675,0.0004241387
13676,0.0006748977
13677,0.0016845928
13678,0.0008627463
13679,0.00061403756
13680,0.002428795
13681,0.0009893236
13682,0.00069197646
13683,0.0012148765
13684,0.00022459256
13685,0.00073267496
13686,0.00035114153
13687,0.0009512517
13688,0.0005494945
13689,0.0017370085
13690,0.0008115762
13691,0.00077829853
13692,0.0011767617
13693,0.0008863283
13694,0.0010173114
13695,0.0007130394
13696,0.0007795815
13697,0.0011166068
13698,0.00048593024
13699,0.00037428678
13700,0.00062579784
13701,0.0017930472
13702,0.00052289217
13703,0.00070412434
13704,0.0006485843
13705,0.000332504
13706,0.0005733858
13707,0.0005089902
13708,0.00036995873
13709,0.00068068906
13710,0.0002608913
13711,0.0021105658
13712,0.00074054074
13713,0.00030968795
13714,0.0013346273
13715,0.00085533486
13716,0.00035030546
13717,0.00044628282
13718,0.00044327747
13719,0.0002717158
13720,0.001849029
13721,0.0005345576
13722,0.0008909817
13723,0.0016449258
13724,0.00070532394
13725,0.0005300232
13726,0.00035924753
13727,0.00047655613
13728,0.0007925096
13729,0.000287849
13730,0.0003525172
13731,0.0006484264
13732,0.0007564013
13733,0.00020722531
13734,0.0003652233
13735,0.00037592975
13736,0.0013655362
13737,0.0007434433
13738,0.0021267985
13739,0.00022556868
13740,0.00148973
13741,0.00049265637
13742,0.0005370846
13743,0.0006571658
13744,0.0006585912
13745,0.00058609206
13746,0.00043550867
13747,0.00033994042
13748,0.0008758144
13749,0.00096872204
13750,0.0009956168
13751,0.00030433078
13752,0.00031806628
13753,0.0015329511
13754,0.00034123284
13755,0.00038992832
13756,0.0005113846
13757,0.0013269467
13758,0.00042208855
13759,0.00068804726
13760,0.00083472783
13761,0.0005519307
13762,0.0013204372
13763,0.00072847237
13764,0.0005498247
13765,0.00033789684
13766,0.001791952
13767,0.001262789
13768,0.00058596034
13769,0.0039825425
13770,0.0028532408
13771,0.00053316006
13772,0.0010064003
13773,0.0004616886
13774,0.0002548308
13775,0.00080459646
13776,0.0017733776
13777,0.000733667
13778,0.0017197945
13779,0.0005057364
13780,0.00048694623
13781,0.0018856152
13782,0.0014733501
13783,0.0005460135
13784,0.001031522
13785,0.0012594265
13786,0.00039699787
13787,0.0010483515
13788,0.0012848952
13789,0.00060227246
13790,0.00044242488
13791,0.0007619535
13792,0.00071622315
13793,0.0009372592
13794,0.0013952105
13795,0.0019466784
13796,0.000536162
13797,0.0008409174
13798,0.000417155
13799,0.0004800479
13800,0.0010094786
13801,0.00077919837
13802,0.00056712306
13803,0.00032369528
13804,0.004195433
13805,0.0003755707
13806,0.0005456118
13807,0.0012552193
13808,0.0010661024
13809,0.0017286267
13810,0.00021948572
13811,0.0014304809
13812,0.0005862297
13813,0.00061525207
13814,0.00043615897
13815,0.00048563612
13816,0.00073740754
13817,0.00032057473
13818,0.0014640273
13819,0.00061007263
13820,0.00077226595
13821,0.00087733084
13822,0.0010800236
13823,0.00024080163
13824,0.00016365228
13825,0.0008422595
13826,0.00052932196
13827,0.00023172845
13828,0.0010587734
13829,0.00048192684
13830,0.0008088876
13831,0.0008300497
13832,0.00070008973
13833,0.00046895794
13834,0.0004729379
13835,0.0012519712
13836,0.00072477915
13837,0.0023020236
13838,0.0007942821
13839,0.000445278
13840,0.001083339
13841,0.0016118542
13842,0.0012096682
13843,0.00091548276
13844,0.00043308391
13845,0.0003856671
13846,0.000792073
13847,0.0008966037
13848,0.0008795652
13849,0.00021148229
13850,0.0012515752
13851,0.0017120609
13852,0.0010584256
13853,0.0007193348
13854,0.00052385556
13855,0.0005655417
13856,0.00067358196
13857,0.0009053502
13858,0.0040493985
13859,0.00065567874
13860,0.0013116705
13861,0.000368705
13862,0.0009878684
13863,0.0014145565
13864,0.0017176195
13865,0.001535682
13866,0.0007656363
13867,0.0021428824
13868,0.0010218252
13869,0.0010757247
13870,0.004851687
13871,0.00053304475
13872,0.0017261689
13873,0.0027690958
13874,0.0005291478
13875,0.00038075962
13876,0.0005575605
13877,0.0019931349
13878,0.00069401157
13879,0.0007905408
13880,0.0019220016
13881,0.0005743178
13882,0.00038443544
13883,0.0004704232
13884,0.00034419636
13885,0.00030652678
13886,0.0003432748
13887,0.0012645796
13888,0.0011712572
13889,0.00078133435
13890,0.0007957594
13891,0.0004420133
13892,0.001062149
13893,0.00069442345
13894,0.00025459542
13895,0.00086966844
13896,0.0010629615
13897,0.00028223114
13898,0.00080902886
13899,0.00031446127
13900,0.0007398766
13901,0.0010914835
13902,0.0007026717
13903,0.0007938608
13904,0.0004506603
13905,0.0022423943
13906,0.0013454092
13907,0.00083837664
13908,0.00079850847
13909,0.00046504659
13910,0.0010265345
13911,0.0006532234
13912,0.0008381836
13913,0.0010024537
13914,0.00023487979
13915,0.0012684431
13916,0.00052789
13917,0.002640119
13918,0.000611017
13919,0.0012891754
13920,0.0011486952
13921,0.0020713094
13922,0.00034241148
13923,0.0013575293
13924,0.0013301722
13925,0.0012448508
13926,0.0033761463
13927,0.0008799863
13928,0.00054948806
13929,0.0008047293
13930,0.0015331425
13931,0.00028366715
13932,0.00065195025
13933,0.00073795085
13934,0.00047249097
13935,0.0009852846
13936,0.0008891856
13937,0.0020424607
13938,0.0011215346
13939,0.0016227696
13940,0.00048594148
13941,0.00064382574
13942,0.00056881976
13943,0.00079084927
13944,0.0006961957
13945,0.0008382429
13946,0.00035006268
13947,0.0003492198
13948,0.0010283189
13949,0.0007327413
13950,0.00046472432
13951,0.00039106992
13952,0.0007466135
13953,0.0003523538
13954,0.00078788167
13955,0.00049568916
13956,0.0014048064
13957,0.00052455615
13958,0.0023762183
13959,0.0004516203
13960,0.001134899
13961,0.00074319757
13962,0.0008175955
13963,0.0007435472
13964,0.0005943656
13965,0.001162374
13966,0.00053473155
13967,0.0007080109
13968,0.00093854155
13969,0.0010099378
13970,0.0008612187
13971,0.00083537464
13972,0.0005420204
13973,0.0004493864
13974,0.00034595907
13975,0.0013685802
13976,0.0010073972
13977,0.0013066327
13978,0.001266106
13979,0.00040061184
13980,0.0008052525
13981,0.00033925104
13982,0.0016532341
13983,0.0012182535
13984,0.0009923032
13985,0.0020938364
13986,0.0013077583
13987,0.0012034173
13988,0.0005383092
13989,0.00032125684
13990,0.0013215084
13991,0.00081892585
13992,0.0009796552
13993,0.0005151345
13994,0.00048803337
13995,0.0015738858
13996,0.00062520517
13997,0.0008288691
13998,0.0010229019
13999,0.00038644063
14000,0.0006451045
14001,0.0036854187
14002,0.00041739497
14003,0.0014790555
14004,0.0009525046
14005,0.00072627724
14006,0.000565055
14007,0.0012436761
